Channel Flow (collapsed) Wall-normal Profiles


 y,		<RHO>,		<U>,		<V>,		<W>,		<P>,		<T>,		<UU>,		<VV>,		<WW>,		<UV>,		<UW>,		<VW>
0.0000000000e+00,		1.5773401771e-03,		6.4677645639e+01,		3.8949000791e-02,		5.5792264255e-14,		1.3053589610e+02,		2.8829355862e+02,		1.0415345470e-02,		5.5481296463e-09,		1.0452537635e-16,		6.1566583641e-06,		8.8221433357e-18,		1.1337479404e-20
8.3333325000e-03,		1.5774480216e-03,		6.8465435725e+01,		6.2531700798e-03,		-2.3468689062e-14,		1.3047201860e+02,		2.8813277997e+02,		1.1664253380e-02,		1.8857260274e-10,		2.3640413532e-18,		1.0682919338e-06,		-4.0057343180e-18,		-4.0645374609e-22
1.6666665000e-02,		1.5774001946e-03,		6.7886694647e+01,		-4.2042497062e-03,		2.1630298748e-14,		1.3047935848e+02,		2.8815772585e+02,		1.1467106505e-02,		7.5018509487e-11,		8.1151103633e-19,		-7.0941243352e-07,		3.6504587848e-18,		-3.3556826533e-22
2.4999997500e-02,		1.5774213868e-03,		6.8114700696e+01,		2.8103527503e-03,		2.0911592533e-14,		1.3047665959e+02,		2.8814789424e+02,		1.1544555747e-02,		3.0219721089e-11,		3.6663385814e-19,		4.7645664641e-07,		3.5446755785e-18,		2.5801375239e-22
3.3333330000e-02,		1.5773921564e-03,		6.7810673378e+01,		-4.7127691563e-03,		7.6019985685e-15,		1.3048008230e+02,		2.8816079303e+02,		1.1441536841e-02,		1.8252745844e-10,		9.1549496528e-18,		-7.8983974346e-07,		1.3112789973e-18,		8.7085927894e-22
7.4999997500e-02,		1.5774138087e-03,		6.8064636157e+01,		-4.0005162653e-05,		-1.8494358139e-14,		1.3047697320e+02,		2.8814997111e+02,		1.1527478797e-02,		7.0950400863e-15,		6.3692780736e-21,		-6.7752258850e-09,		-3.1322936843e-18,		2.6572355807e-24
1.1666666500e-01,		1.5774140400e-03,		6.8063673094e+01,		1.6889269721e-05,		1.5216695523e-14,		1.3047701143e+02,		2.8815001329e+02,		1.1527155960e-02,		1.5103017297e-15,		1.5437467276e-21,		2.8603069012e-09,		2.5771198696e-18,		6.9629139640e-25
1.5833333250e-01,		1.5774139641e-03,		6.8064099089e+01,		-2.4676013022e-06,		3.0705216403e-14,		1.3047699744e+02,		2.8814999628e+02,		1.1527299146e-02,		1.5055757987e-16,		1.8342147774e-22,		-4.1788231393e-10,		5.2003152517e-18,		3.4333507962e-25
2.0000000000e-01,		1.5774140427e-03,		6.8063563161e+01,		1.8398884763e-05,		2.2630601562e-15,		1.3047701336e+02,		2.8815001706e+02,		1.1527118763e-02,		4.4342852883e-15,		5.2570850358e-21,		3.1159474994e-09,		3.8332711927e-19,		1.4922393563e-24
4.0000000000e-01,		1.5774139694e-03,		6.8063989134e+01,		-5.6627789956e-07,		-1.6143478664e-14,		1.3047699951e+02,		2.8814999986e+02,		1.1527261980e-02,		1.1113221491e-18,		9.3517605406e-27,		-9.5906363320e-11,		-2.7340976377e-18,		3.9154216834e-26
6.0000000000e-01,		1.5774139734e-03,		6.8063989078e+01,		2.7351736985e-07,		1.1907365427e-14,		1.3047699993e+02,		2.8815000007e+02,		1.1527262018e-02,		2.5808755456e-19,		2.3691668067e-27,		4.6323632369e-11,		2.0166591054e-18,		1.2080010457e-26
8.0000000000e-01,		1.5774139716e-03,		6.8063989103e+01,		-8.7130322960e-08,		3.2729926191e-14,		1.3047699974e+02,		2.8814999998e+02,		1.1527262001e-02,		2.5701237627e-20,		3.6275381948e-28,		-1.4756605365e-11,		5.5432146410e-18,		-4.9392078766e-27
1.0000000000e+00,		1.5774139755e-03,		6.8063989047e+01,		1.1648501186e-12,		-8.1579883168e-15,		1.3047700020e+02,		2.8815000025e+02,		1.1527262040e-02,		1.5722118679e-18,		1.9870334400e-26,		1.9730020236e-16,		-1.3816535673e-18,		-6.3336998779e-26
1.2000000000e+00,		1.5774139716e-03,		6.8063989103e+01,		8.7129980551e-08,		-9.3299918444e-15,		1.3047699974e+02,		2.8814999996e+02,		1.1527262001e-02,		2.5700915243e-20,		3.6274154252e-28,		1.4756547369e-11,		-1.5801503257e-18,		-4.1403943839e-27
1.4000000000e+00,		1.5774139734e-03,		6.8063989078e+01,		-2.7351624332e-07,		3.2192797766e-15,		1.3047699995e+02,		2.8815000012e+02,		1.1527262018e-02,		2.5808424148e-19,		2.3663443295e-27,		-4.6323441563e-11,		5.4522500015e-19,		-4.9022481279e-27
1.6000000000e+00,		1.5774139694e-03,		6.8063989134e+01,		5.6627586761e-07,		4.2058745355e-14,		1.3047699946e+02,		2.8814999975e+02,		1.1527261980e-02,		1.1113088015e-18,		9.3410296411e-27,		9.5906019156e-11,		7.1231652613e-18,		5.2336088663e-26
1.8000000000e+00,		1.5774140427e-03,		6.8063563149e+01,		-1.8398163271e-05,		-2.4913135522e-14,		1.3047701494e+02,		2.8815002055e+02,		1.1527118759e-02,		4.4343696421e-15,		5.2574339470e-21,		-3.1158253053e-09,		-4.2192920510e-18,		-3.1500825340e-24
1.8416667500e+00,		1.5774139641e-03,		6.8064099092e+01,		2.4674175851e-06,		4.6359502192e-14,		1.3047699723e+02,		2.8814999581e+02,		1.1527299147e-02,		1.5056350427e-16,		1.8344163498e-22,		4.1785119819e-10,		7.8515671019e-18,		-2.4964517559e-25
1.8833335000e+00,		1.5774140400e-03,		6.8063673086e+01,		-1.6888707059e-05,		-6.9148440995e-14,		1.3047701288e+02,		2.8815001650e+02,		1.1527155957e-02,		1.5103070104e-15,		1.5438421775e-21,		-2.8602116054e-09,		-1.1711060793e-17,		1.5128572104e-24
1.9250002500e+00,		1.5774138087e-03,		6.8064636174e+01,		4.0004002400e-05,		1.1010536481e-13,		1.3047696977e+02,		2.8814996352e+02,		1.1527478803e-02,		7.0950039615e-15,		6.3695915631e-21,		6.7750293731e-09,		1.8647942179e-17,		9.7679316069e-24
1.9666670000e+00,		1.5773921559e-03,		6.7810668836e+01,		4.7128896307e-03,		3.6828093352e-14,		1.3047968174e+02,		2.8815990847e+02,		1.1441535309e-02,		1.8253579715e-10,		9.1555359407e-18,		7.8985980616e-07,		6.3281225697e-18,		-4.9795698116e-21
1.9750002500e+00,		1.5774213869e-03,		6.8114701558e+01,		-2.8104194810e-03,		2.2358075353e-13,		1.3047690123e+02,		2.8814842785e+02,		1.1544556041e-02,		3.0221093087e-11,		3.6665899408e-19,		-4.7646796739e-07,		3.7901642498e-17,		-2.3722186550e-21
1.9833335000e+00,		1.5774001942e-03,		6.7886691362e+01,		4.2043708299e-03,		-3.2734106929e-13,		1.3047899871e+02,		2.8815693138e+02,		1.1467105390e-02,		7.5022704873e-11,		8.1156305565e-19,		7.0943282390e-07,		-5.5256006490e-17,		-5.4036946177e-21
1.9916667500e+00,		1.5774480228e-03,		6.8465443244e+01,		-6.2533899504e-03,		2.1249896948e-13,		1.3047256035e+02,		2.8813397614e+02,		1.1664255964e-02,		1.8858557157e-10,		2.3641876115e-18,		-1.0683296674e-06,		3.6262799580e-17,		-2.4216200396e-21
2.0000000000e+00,		1.5773401745e-03,		6.4677581277e+01,		-3.8949790016e-02,		3.4388026792e-12,		1.3053901971e+02,		2.8830045790e+02,		1.0415325004e-02,		5.5483377378e-09,		1.0453187362e-16,		-6.1567751721e-06,		5.4573911204e-16,		-3.8201831370e-19
